##################################################################
          <= 100 fragmt sorted by chain propensity
##################################################################

************** frag1-3 + frag 2-4 *********************
fragment 1  / 100
5.0 2 7
3.0 0 3
2.0 0 0
fragment 2  / 50
5.0 1 8
3.0 0 0
2.0 0 0
fragment 3  / 43
5.0 9 3
3.0 1 0
2.0 0 0
fragment 4  / 100
5.0 8 0
3.0 0 0
2.0 0 0
************** frag1-4 *********************
fragment 1  / 75
5.0 20 4
3.0 5 2
2.0 0 0
fragment 2  / 11
5.0 1 3
3.0 0 0
2.0 0 0
fragment 3  / 20
5.0 9 0
3.0 1 0
2.0 0 0
fragment 4  / 100
5.0 8 0
3.0 0 0
2.0 0 0
