##################################################################
          <= 100 fragmt sorted by chain propensity
##################################################################

************** frag1-3 + frag 2-4 *********************
fragment 1  / 50
5.0 0 0
3.0 0 0
2.0 0 0
fragment 2  / 100
5.0 1 0
3.0 0 0
2.0 0 0
fragment 3  / 54
5.0 9 8
3.0 3 2
2.0 0 0
fragment 4  / 100
5.0 94 26
3.0 94 22
2.0 70 12
************** frag1-4 *********************
fragment 1  / 23
5.0 0 0
3.0 0 0
2.0 0 0
fragment 2  / 13
5.0 0 0
3.0 0 0
2.0 0 0
fragment 3  / 33
5.0 22 4
3.0 5 1
2.0 0 0
fragment 4  / 100
5.0 98 26
3.0 95 22
2.0 31 12
