##################################################################
          <= 100 fragmt sorted by chain propensity
##################################################################

************** frag1-3 + frag 2-4 *********************
fragment 1  / 100
5.0 24 4
3.0 14 4
2.0 0 0
fragment 2  / 100
5.0 20 3
3.0 4 0
2.0 1 0
fragment 3  / 80
5.0 22 1
3.0 6 0
2.0 0 0
fragment 4  / 86
5.0 2 0
3.0 0 0
2.0 0 0
************** frag1-4 *********************
fragment 1  / 79
5.0 25 3
3.0 15 3
2.0 0 0
fragment 2  / 45
5.0 18 1
3.0 4 0
2.0 1 0
fragment 3  / 33
5.0 20 1
3.0 6 0
2.0 0 0
fragment 4  / 72
5.0 2 0
3.0 0 0
2.0 0 0
