##################################################################
          <= 100 fragmt sorted by chain propensity
##################################################################

************** frag1-3 + frag 2-4 *********************
fragment 1  / 100
5.0 0 0
3.0 0 0
2.0 0 0
fragment 2  / 100
5.0 0 1
3.0 0 0
2.0 0 0
fragment 3  / 100
5.0 0 1
3.0 0 0
2.0 0 0
fragment 4  / 100
5.0 0 2
3.0 0 0
2.0 0 0
fragment 5  / 100
5.0 0 0
3.0 0 0
2.0 0 0
fragment 6  / 65
5.0 0 0
3.0 0 0
2.0 0 0
************** frag1-4 + frag 2-5 *********************
fragment 1  / 41
5.0 0 0
3.0 0 0
2.0 0 0
fragment 2  / 100
5.0 2 1
3.0 1 0
2.0 0 0
fragment 3  / 100
5.0 2 1
3.0 0 0
2.0 0 0
fragment 4  / 100
5.0 2 2
3.0 0 0
2.0 0 0
fragment 5  / 100
5.0 1 0
3.0 0 0
2.0 0 0
fragment 6  / 100
5.0 0 0
3.0 0 0
2.0 0 0
************** frag1-5 + frag 2-6 *********************
fragment 1  / 32
5.0 0 0
3.0 0 0
2.0 0 0
fragment 2  / 100
5.0 2 1
3.0 1 0
2.0 0 0
fragment 3  / 100
5.0 4 1
3.0 0 0
2.0 0 0
fragment 4  / 100
5.0 3 2
3.0 0 0
2.0 0 0
fragment 5  / 100
5.0 2 0
3.0 0 0
2.0 0 0
fragment 6  / 100
5.0 0 0
3.0 0 0
2.0 0 0
************** frag1-6 *********************
fragment 1  / 11
5.0 0 0
3.0 0 0
2.0 0 0
fragment 2  / 9
5.0 1 0
3.0 1 0
2.0 0 0
fragment 3  / 6
5.0 2 0
3.0 0 0
2.0 0 0
fragment 4  / 8
5.0 0 0
3.0 0 0
2.0 0 0
fragment 5  / 8
5.0 0 0
3.0 0 0
2.0 0 0
fragment 6  / 7
5.0 0 0
3.0 0 0
2.0 0 0
