##################################################################
          <= 100 fragmt sorted by chain propensity
##################################################################

************** frag1-3 + frag 2-4 *********************
fragment 1  / 71
5.0 12 1
3.0 0 0
2.0 0 0
fragment 2  / 100
5.0 26 4
3.0 0 0
2.0 0 0
fragment 3  / 100
5.0 41 13
3.0 1 0
2.0 0 0
fragment 4  / 76
5.0 9 3
3.0 1 0
2.0 0 0
************** frag1-4 *********************
fragment 1  / 100
5.0 14 1
3.0 0 0
2.0 0 0
fragment 2  / 78
5.0 18 3
3.0 0 0
2.0 0 0
fragment 3  / 100
5.0 53 13
3.0 2 0
2.0 0 0
fragment 4  / 72
5.0 17 3
3.0 1 0
2.0 0 0
