##################################################################
          <= 100 fragmt sorted by chain propensity
##################################################################

************** frag1-3 + frag 2-4 + frag1-4 *********************
fragment 1  / 100
5.0 8 6
3.0 4 1
2.0 0 0
fragment 2  / 100
5.0 22 5
3.0 17 3
2.0 15 2
fragment 3  / 100
5.0 0 1
3.0 0 0
2.0 0 0
fragment 4  / 100
5.0 0 0
3.0 0 0
2.0 0 0
fragment 5  / 0
5.0 0 0
3.0 0 0
2.0 0 0
************** frag1-4 + frag 2-5 + frag1-5 *********************
fragment 1  / 100
5.0 8 6
3.0 5 1
2.0 1 0
fragment 2  / 100
5.0 24 5
3.0 18 3
2.0 15 2
fragment 3  / 100
5.0 5 1
3.0 1 0
2.0 0 0
fragment 4  / 100
5.0 0 0
3.0 0 0
2.0 0 0
fragment 5  / 100
5.0 0 0
3.0 0 0
2.0 0 0
