##################################################################
          <= 100 fragmt sorted by chain propensity
##################################################################

************** frag1-3 + frag 2-4 *********************
fragment 1  / 69
5.0 5 0
3.0 5 0
2.0 1 0
fragment 2  / 100
5.0 2 1
3.0 1 0
2.0 0 0
fragment 3  / 100
5.0 0 0
3.0 0 0
2.0 0 0
fragment 4  / 65
5.0 0 2
3.0 0 0
2.0 0 0
************** frag1-4 *********************
fragment 1  / 100
5.0 0 0
3.0 0 0
2.0 0 0
fragment 2  / 100
5.0 0 1
3.0 0 0
2.0 0 0
fragment 3  / 51
5.0 0 0
3.0 0 0
2.0 0 0
fragment 4  / 58
5.0 0 2
3.0 0 0
2.0 0 0
