##################################################################
          <= 100 fragmt sorted by chain propensity
##################################################################

************** frag1-3 + frag 2-4 + frag1-4 *********************
fragment 1  / 100
5.0 8 1
3.0 0 0
2.0 0 0
fragment 2  / 100
5.0 3 1
3.0 3 0
2.0 0 0
fragment 3  / 100
5.0 0 0
3.0 0 0
2.0 0 0
fragment 4  / 100
5.0 1 0
3.0 1 0
2.0 0 0
fragment 5  / 0
5.0 0 0
3.0 0 0
2.0 0 0
************** frag1-4 + frag 2-5 + frag1-5 *********************
fragment 1  / 95
5.0 9 1
3.0 0 0
2.0 0 0
fragment 2  / 100
5.0 6 1
3.0 5 0
2.0 0 0
fragment 3  / 92
5.0 1 0
3.0 1 0
2.0 0 0
fragment 4  / 100
5.0 1 0
3.0 1 0
2.0 0 0
fragment 5  / 53
5.0 2 0
3.0 0 0
2.0 0 0
