##################################################################
          <= 100 fragmt sorted by chain propensity
##################################################################

************** frag1-3 + frag 2-4 *********************
fragment 1  / 34
5.0 0 0
3.0 0 0
2.0 0 0
fragment 2  / 83
5.0 2 1
3.0 2 1
2.0 0 0
fragment 3  / 79
5.0 26 5
3.0 26 4
2.0 11 3
fragment 4  / 83
5.0 61 9
3.0 8 1
2.0 0 0
************** frag1-4 *********************
fragment 1  / 48
5.0 0 0
3.0 0 0
2.0 0 0
fragment 2  / 57
5.0 0 1
3.0 0 1
2.0 0 0
fragment 3  / 8
5.0 0 0
3.0 0 0
2.0 0 0
fragment 4  / 15
5.0 0 2
3.0 0 0
2.0 0 0
