##################################################################
          <= 100 fragmt sorted by chain propensity
##################################################################

************** frag1-3 + frag 2-4 *********************
fragment 1  / 33
5.0 3 0
3.0 2 0
2.0 0 0
fragment 2  / 100
5.0 3 1
3.0 1 0
2.0 0 0
fragment 3  / 100
5.0 3 2
3.0 0 0
2.0 0 0
fragment 4  / 100
5.0 0 0
3.0 0 0
2.0 0 0
************** frag1-4 *********************
fragment 1  / 67
5.0 7 1
3.0 2 0
2.0 0 0
fragment 2  / 100
5.0 0 1
3.0 0 0
2.0 0 0
fragment 3  / 100
5.0 3 2
3.0 0 0
2.0 0 0
fragment 4  / 100
5.0 0 0
3.0 0 0
2.0 0 0
